TITLE     = "kinetics example 1: constant-pressure ignition"
VARIABLES = 
"time (s)"
"Temperature (K)"
"Density (kg/m3)"
"Pressure (Pa)"
"H2"
"H"
"O"
"O2"
"OH"
"H2O"
"HO2"
"H2O2"
"C"
"CH"
"CH2"
"CH2(S)"
"CH3"
"CH4"
"CO"
"CO2"
"HCO"
"CH2O"
"CH2OH"
"CH3O"
"CH3OH"
"C2H"
"C2H2"
"C2H3"
"C2H4"
"C2H5"
"C2H6"
"HCCO"
"CH2CO"
"HCCOH"
"N"
"NH"
"NH2"
"NH3"
"NNH"
"NO"
"NO2"
"N2O"
"HNO"
"CN"
"HCN"
"H2CN"
"HCNN"
"HCNO"
"HOCN"
"HNCO"
"NCO"
"N2"
"AR"
"C3H7"
"C3H8"
"CH2CHO"
"CH3CHO"
ZONE T="zone1"
 I=101,J=1,K=1,F=POINT
DT=(  SINGLE SINGLE SINGLE SINGLE SINGLE SINGLE SINGLE SINGLE SINGLE SINGLE SINGLE SINGLE SINGLE SINGLE SINGLE SINGLE SINGLE SINGLE SINGLE SINGLE SINGLE SINGLE SINGLE SINGLE SINGLE SINGLE SINGLE SINGLE SINGLE SINGLE SINGLE SINGLE SINGLE SINGLE SINGLE SINGLE SINGLE SINGLE SINGLE SINGLE SINGLE SINGLE SINGLE SINGLE SINGLE SINGLE SINGLE SINGLE SINGLE SINGLE SINGLE SINGLE SINGLE SINGLE SINGLE SINGLE SINGLE )
0 1001 0.257549 101325 0.285714 0 0 0.142857 0 0 0 0 0 0 0 0 0 0 0 0 0 0 0 0 0 0 0 0 0 0 0 0 0 0 0 0 0 0 0 0 0 0 0 0 0 0 0 0 0 0 0 0.571429 0 0 0 0 0 
1e-05 1001 0.257549 101325 0.285714 3.1779e-10 3.13017e-11 0.142857 1.06835e-11 2.13972e-10 4.83525e-10 4.75778e-13 0 0 0 0 0 0 0 0 0 0 0 0 0 0 0 0 0 0 0 0 0 0 9.87172e-25 6.345e-24 2.68308e-25 1.11842e-25 1.05412e-16 1.43812e-23 4.23609e-31 1.37252e-17 3.19094e-25 0 0 0 0 0 0 0 0 0.571429 0 0 0 0 0 
2e-05 1001 0.257549 101325 0.285714 7.98686e-10 8.42817e-11 0.142857 2.80479e-11 1.06588e-09 1.42019e-09 2.51261e-12 0 0 0 0 0 0 0 0 0 0 0 0 0 0 0 0 0 0 0 0 0 0 2.95622e-24 6.63485e-23 4.16966e-24 3.52465e-24 2.64957e-16 1.50114e-22 2.28845e-29 7.14568e-17 4.95635e-24 0 0 0 0 0 0 0 0 0.571429 0 0 0 0 0 
3e-05 1001 0.257549 101325 0.285714 1.54141e-09 1.66103e-10 0.142857 5.48662e-11 2.90647e-09 3.05482e-09 7.38261e-12 0 0 0 0 0 0 0 0 0 0 0 0 0 0 0 0 0 0 0 0 0 0 5.9992e-24 3.019e-22 2.20512e-23 2.7031e-23 5.11367e-16 7.26077e-22 3.17226e-28 1.97922e-16 2.62043e-23 0 0 0 0 0 0 0 0 0.571429 0 0 0 0 0 
4e-05 1001 0.257549 101325 0.285714 2.68897e-09 2.92518e-10 0.142857 9.63034e-11 6.27445e-09 5.76725e-09 1.70499e-11 0 0 0 0 0 0 0 0 0 0 0 0 0 0 0 0 0 0 0 0 0 0 1.07011e-23 1.01668e-21 7.98472e-23 1.23014e-22 8.92089e-16 2.59517e-21 2.55931e-27 4.30838e-16 9.48711e-23 0 0 0 0 0 0 0 0 0.571429 0 0 0 0 0 
5e-05 1001 0.257549 101325 0.285714 4.4625e-09 4.87883e-10 0.142857 1.60347e-10 1.20028e-08 1.01447e-08 3.45494e-11 0 0 0 0 0 0 0 0 0 0 0 0 0 0 0 0 0 0 0 0 0 0 1.79705e-23 2.96333e-21 2.42045e-22 4.32616e-22 1.48049e-15 7.9309e-21 1.54973e-26 8.28514e-16 2.87561e-22 0 0 0 0 0 0 0 0 0.571429 0 0 0 0 0 
6e-05 1001 0.257549 101325 0.285714 7.20397e-09 7.89867e-10 0.142857 2.59352e-10 2.13797e-08 1.70949e-08 6.45748e-11 0 0 0 0 0 0 0 0 0 0 0 0 0 0 0 0 0 0 0 0 0 0 2.92195e-23 7.9856e-21 6.67206e-22 1.31631e-21 2.39001e-15 2.21345e-20 7.90877e-26 1.48111e-15 7.92625e-22 0 0 0 0 0 0 0 0 0.571429 0 0 0 0 0 
7e-05 1001 0.257549 101325 0.285714 1.14423e-08 1.25672e-09 0.142857 4.12438e-10 3.63975e-08 2.80214e-08 1.14392e-10 0 0 0 0 0 0 0 0 0 0 0 0 0 0 0 0 0 0 0 0 0 0 4.66594e-23 2.05614e-20 1.74145e-21 3.67068e-21 3.79614e-15 5.84338e-20 3.62163e-25 2.52805e-15 2.06871e-21 0 0 0 0 0 0 0 0 0.571429 0 0 0 0 0 
8e-05 1001 0.257549 101325 0.285714 1.79955e-08 1.97857e-09 0.142857 6.49198e-10 6.01387e-08 4.50937e-08 1.95258e-10 0 0 0 0 0 0 0 0 0 0 0 0 0 0 0 0 0 0 0 0 0 0 7.38141e-23 5.15055e-20 4.39891e-21 9.69245e-21 5.97029e-15 1.48939e-19 1.54476e-24 4.18493e-15 5.22537e-21 0 0 0 0 0 0 0 0 0.571429 0 0 0 0 0 
9e-05 1001 0.257549 101325 0.285714 2.81298e-08 3.09484e-09 0.142857 1.01547e-09 9.73734e-08 7.16654e-08 3.24648e-10 0 0 0 0 0 0 0 0 0 0 0 0 0 0 0 0 0 0 0 0 0 0 1.16523e-22 1.26853e-19 1.08908e-20 2.4717e-20 9.33251e-15 3.71196e-19 6.2864e-24 6.78522e-15 1.29364e-20 0 0 0 0 0 0 0 0 0.571429 0 0 0 0 0 
0.0001 1001 0.257549 101325 0.285714 4.38052e-08 4.82142e-09 0.142857 1.58236e-09 1.55488e-07 1.1292e-07 5.29743e-10 0 0 0 0 0 0 0 0 0 0 0 0 0 0 0 0 0 0 0 0 0 0 1.85269e-22 3.0915e-19 2.66284e-20 6.16312e-20 1.45331e-14 9.11854e-19 2.47875e-23 1.08448e-14 3.16285e-20 0 0 0 0 0 0 0 0 0.571429 0 0 0 0 0 
0.00011 1001 0.257549 101325 0.285714 6.80583e-08 7.49272e-09 0.142857 2.46026e-09 2.45928e-07 1.76868e-07 8.52968e-10 0 0 0 0 0 0 0 0 0 0 0 0 0 0 0 0 0 0 0 0 0 0 3.01661e-22 7.48502e-19 6.46024e-20 1.51459e-19 2.25795e-14 2.21936e-18 9.56856e-23 1.71621e-14 7.67275e-20 0 0 0 0 0 0 0 0 0.571429 0 0 0 0 0 
0.00012 1001 0.257549 101325 0.285714 1.056e-07 1.16274e-08 0.142857 3.82111e-09 3.86457e-07 2.75884e-07 1.36089e-09 0 0 0 0 0 0 0 0 0 0 0 0 0 0 0 0 0 0 0 0 0 0 5.19168e-22 1.80509e-18 1.55984e-19 3.68748e-19 3.50346e-14 5.3703e-18 3.64141e-22 2.69732e-14 1.85241e-19 0 0 0 0 0 0 0 0 0.571429 0 0 0 0 0 
0.00013 1001 0.257548 101325 0.285714 1.63748e-07 1.80312e-08 0.142856 5.93361e-09 6.04686e-07 4.29083e-07 2.15872e-09 0 0 0 0 0 0 0 0 0 0 0 0 0 0 0 0 0 0 0 0 0 0 9.95044e-22 4.34369e-18 3.75591e-19 8.92499e-19 5.43266e-14 1.29495e-17 1.3727e-21 4.2194e-14 4.45969e-19 0 0 0 0 0 0 0 0 0.571429 0 0 0 0 0 
0.00014 1001.01 0.257548 101325 0.285713 2.53908e-07 2.79592e-08 0.142856 9.2202e-09 9.43679e-07 6.65965e-07 3.41468e-09 0 0 0 0 0 0 0 0 0 0 0 0 0 0 0 0 0 0 0 0 0 0 2.25031e-21 1.04434e-17 9.03206e-19 2.15257e-18 8.42393e-14 3.11685e-17 5.14256e-21 6.5797e-14 1.07219e-18 0 0 0 0 0 0 0 0 0.571429 0 0 0 0 0 
0.00015 1001.01 0.257547 101325 0.285712 3.93922e-07 4.33741e-08 0.142855 1.43508e-08 1.4709e-06 1.03202e-06 5.40205e-09 0 0 0 0 0 0 0 0 0 0 0 0 0 0 0 0 0 0 0 0 0 0 6.12988e-21 2.51157e-17 2.17172e-18 5.18223e-18 1.30693e-13 7.49841e-17 1.91889e-20 1.02404e-13 2.57705e-18 0 0 0 0 0 0 0 0 0.571429 0 0 0 0 0 
0.00016 1001.01 0.257546 101325 0.285711 6.11882e-07 6.73639e-08 0.142855 2.24016e-08 2.29278e-06 1.5973e-06 8.57477e-09 0 0 0 0 0 0 0 0 0 0 0 0 0 0 0 0 0 0 0 0 0 0 1.93972e-20 6.04899e-17 5.22716e-18 1.24705e-17 2.03009e-13 1.80532e-16 7.14351e-20 1.59222e-13 6.19917e-18 0 0 0 0 0 0 0 0 0.571429 0 0 0 0 0 
0.00017 1001.02 0.257545 101325 0.28571 9.52446e-07 1.04832e-07 0.142853 3.51344e-08 3.57902e-06 2.46939e-06 1.37093e-08 0 0 0 0 0 0 0 0 0 0 0 0 0 0 0 0 0 0 0 0 0 0 6.7364e-20 1.46112e-16 1.26112e-17 3.00348e-17 3.16007e-13 4.35588e-16 2.65647e-19 2.47542e-13 1.49427e-17 0 0 0 0 0 0 0 0 0.57143 0 0 0 0 0 
0.00018 1001.03 0.257542 101325 0.285707 1.48762e-06 1.63674e-07 0.142851 5.55118e-08 5.6044e-06 3.8129e-06 2.21826e-08 0 0 0 0 0 0 0 0 0 0 0 0 0 0 0 0 0 0 0 0 0 0 2.46409e-19 3.54673e-16 3.05526e-17 7.25049e-17 4.93586e-13 1.05518e-15 9.87865e-19 3.85179e-13 3.61501e-17 0 0 0 0 0 0 0 0 0.571431 0 0 0 0 0 
0.00019 1001.05 0.257538 101325 0.285703 2.33594e-06 2.56854e-07 0.142848 8.87007e-08 8.82411e-06 5.87803e-06 3.65379e-08 0 0 0 0 0 0 0 0 0 0 0 0 0 0 0 0 0 0 0 0 0 0 9.30982e-19 8.67725e-16 7.45173e-17 1.75769e-16 7.75096e-13 2.57296e-15 3.67749e-18 6.00547e-13 8.79749e-17 0 0 0 0 0 0 0 0 0.571432 0 0 0 0 0 
0.0002 1001.08 0.257532 101325 0.285696 3.69841e-06 4.06291e-07 0.142842 1.44152e-07 1.40166e-05 9.04057e-06 6.16699e-08 0 0 0 0 0 0 0 0 0 0 0 0 0 0 0 0 0 0 0 0 0 0 3.61727e-18 2.14909e-15 1.83671e-16 4.29072e-16 1.22729e-12 6.33991e-15 1.37207e-17 9.39687e-13 2.16086e-16 0 0 0 0 0 0 0 0 0.571434 0 0 0 0 0 
0.00021 1001.12 0.257521 101325 0.285686 5.93003e-06 6.50533e-07 0.142834 2.40193e-07 2.25717e-05 1.38527e-05 1.07335e-07 0 0 0 0 0 0 0 0 0 0 0 0 0 0 0 0 0 0 0 0 0 0 1.45329e-17 5.42385e-15 4.60137e-16 1.05897e-15 1.96811e-12 1.58804e-14 5.13746e-17 1.47899e-12 5.38338e-16 0 0 0 0 0 0 0 0 0.571437 0 0 0 0 0 
0.00022 1001.2 0.257503 101325 0.285668 9.69203e-06 1.06101e-06 0.14282 4.14822e-07 3.71129e-05 2.10904e-05 1.9341e-07 0 0 0 0 0 0 0 0 0 0 0 0 0 0 0 0 0 0 0 0 0 0 6.11919e-17 1.40864e-14 1.18171e-15 2.65863e-15 3.21745e-12 4.08099e-14 1.93294e-16 2.34959e-12 1.37013e-15 0 0 0 0 0 0 0 0 0.571442 0 0 0 0 0 
0.00023 1001.35 0.257469 101325 0.285638 1.62993e-05 1.77895e-06 0.142798 7.52609e-07 6.29334e-05 3.17372e-05 3.60288e-07 0 0 0 0 0 0 0 0 0 0 0 0 0 0 0 0 0 0 0 0 0 0 2.75949e-16 3.81867e-14 3.15023e-15 6.85252e-15 5.41321e-12 1.09136e-13 7.31033e-16 3.78741e-12 3.59837e-15 0 0 0 0 0 0 0 0 0.571451 0 0 0 0 0 
0.00024 1001.62 0.257405 101325 0.285582 2.85666e-05 3.10499e-06 0.142761 1.45445e-06 0.00011152 4.67078e-05 6.86282e-07 0 0 0 0 0 0 0 0 0 0 0 0 0 0 0 0 0 0 0 0 0 0 1.37424e-15 1.10169e-13 8.86956e-15 1.83814e-14 9.49517e-12 3.10371e-13 2.76974e-15 6.24408e-12 9.87718e-15 0 0 0 0 0 0 0 0 0.571465 0 0 0 0 0 
0.00025 1002.18 0.257274 101325 0.285474 5.29699e-05 5.7284e-06 0.142697 3.01724e-06 0.000209525 6.58048e-05 1.30258e-06 0 0 0 0 0 0 0 0 0 0 0 0 0 0 0 0 0 0 0 0 0 0 7.84211e-15 3.46034e-13 2.6936e-14 5.22938e-14 1.76361e-11 9.68622e-13 1.03605e-14 1.06526e-11 2.86908e-14 0 0 0 0 0 0 0 0 0.571491 0 0 0 0 0 
0.00026 1003.4 0.256985 101325 0.285249 0.000105184 1.13212e-05 0.142578 6.64643e-06 0.000421133 8.53657e-05 2.34963e-06 0 0 0 0 0 0 0 0 0 0 0 0 0 0 0 0 0 0 0 0 0 0 5.2794e-14 1.2022e-12 8.97121e-14 1.61266e-13 3.51486e-11 3.45118e-12 3.67155e-14 1.9106e-11 8.8271e-14 0 0 0 0 0 0 0 0 0.571541 0 0 0 0 0 
0.00027 1006.13 0.256333 101325 0.284752 0.000223556 2.40225e-05 0.142341 1.50224e-05 0.000898036 9.75834e-05 3.76801e-06 0 0 0 0 0 0 0 0 0 0 0 0 0 0 0 0 0 0 0 0 0 0 4.13938e-13 4.54728e-12 3.23949e-13 5.45431e-13 7.53178e-11 1.45124e-11 1.14532e-13 3.66642e-11 2.77871e-13 0 0 0 0 0 0 0 0 0.571644 0 0 0 0 0 
0.00028 1012.31 0.254867 101325 0.283619 0.00050433 5.44256e-05 0.141822 3.44546e-05 0.00199119 0.000100048 5.07964e-06 0 0 0 0 0 0 0 0 0 0 0 0 0 0 0 0 0 0 0 0 0 0 3.50955e-12 1.75904e-11 1.18459e-12 1.97042e-12 1.73052e-10 7.24044e-11 3.09589e-13 7.64751e-11 8.30563e-13 0 0 0 0 0 0 0 0 0.571869 0 0 0 0 0 
0.00029 1026.75 0.251513 101325 0.280846 0.00124027 0.000135574 0.140567 8.52666e-05 0.00463196 9.86499e-05 5.49293e-06 0 0 0 0 0 0 0 0 0 0 0 0 0 0 0 0 0 0 0 0 0 0 3.08125e-11 6.70248e-11 3.99744e-12 7.08161e-12 4.43684e-10 4.32762e-10 8.16727e-13 1.78438e-10 2.3481e-12 0 0 0 0 0 0 0 0 0.57239 0 0 0 0 0 
0.0003 1064.7 0.243125 101325 0.272621 0.0037461 0.000423642 0.136897 0.000263425 0.0121991 9.42473e-05 3.91634e-06 0 0 0 0 0 0 0 0 0 0 0 0 0 0 0 0 0 0 0 0 0 0 3.31943e-10 2.89699e-10 1.25471e-11 2.41412e-11 1.48517e-09 3.58844e-09 2.39218e-12 5.21574e-10 8.08318e-12 0 0 0 0 0 0 0 0 0.573752 0 0 0 0 0 
0.00031 1207.5 0.216255 101325 0.228335 0.0211675 0.00270408 0.117607 0.00175677 0.0495565 8.0098e-05 2.14129e-06 0 0 0 0 0 0 0 0 0 0 0 0 0 0 0 0 0 0 0 0 0 0 9.25467e-09 2.73574e-09 5.50516e-11 8.37217e-11 1.14877e-08 8.70755e-08 1.42064e-11 3.31883e-09 7.82164e-11 0 0 0 0 0 0 0 0 0.578791 0 0 0 0 0 
0.00032 1718.16 0.157244 101325 0.0540821 0.0810259 0.0197628 0.033328 0.0162686 0.196674 2.08435e-05 1.75051e-06 0 0 0 0 0 0 0 0 0 0 0 0 0 0 0 0 0 0 0 0 0 0 1.49671e-07 3.21467e-08 2.40231e-10 5.86631e-11 8.64704e-08 9.00995e-06 8.19436e-10 5.60057e-08 2.36641e-09 0 0 0 0 0 0 0 0 0.598827 0 0 0 0 0 
0.00033 1951.38 0.141073 101325 0.0544204 0.0586606 0.0166949 0.0283165 0.020756 0.210951 1.34697e-05 7.33736e-07 -3.9582e-31 -1.18419e-32 -1.3017e-32 -6.19627e-33 -2.58596e-31 -5.00138e-31 -1.01475e-29 -1.17167e-30 -3.46545e-32 -7.1929e-32 -3.77077e-33 -1.50996e-34 -6.80424e-34 1.91792e-52 1.28917e-50 1.18943e-52 6.18305e-52 1.62174e-51 2.43363e-51 5.09727e-52 -1.90859e-52 3.38457e-53 8.96167e-08 2.92991e-08 5.13757e-10 1.60648e-10 7.85756e-08 2.37793e-05 1.9537e-09 6.37971e-08 3.90844e-09 -1.9251e-34 -1.7911e-33 -3.14639e-37 -2.93878e-36 -1.24211e-36 -1.41229e-36 -5.17205e-35 -6.9059e-35 0.610162 0 -5.56545e-72 -1.70061e-74 4.80256e-53 1.22966e-51 
0.00034 2082.21 0.133625 101325 0.0533236 0.0472564 0.0143955 0.025613 0.0225581 0.220117 1.03979e-05 4.85403e-07 2.30791e-33 9.31526e-34 1.7912e-33 1.03539e-33 4.457e-32 6.51276e-32 -8.34958e-30 -6.18824e-30 4.82897e-33 1.14762e-32 6.35627e-34 2.32015e-35 1.23104e-34 -4.91773e-53 -2.26392e-51 -5.53572e-53 -1.65064e-52 2.24366e-53 -1.20097e-52 -2.14597e-52 -1.33818e-52 -9.2778e-54 7.41129e-08 2.56426e-08 7.05419e-10 2.55977e-10 7.03349e-08 3.50522e-05 2.81498e-09 6.7573e-08 4.56777e-09 4.12707e-36 1.42816e-33 1.35071e-37 2.44833e-37 2.51891e-36 1.92456e-36 6.2666e-35 3.86096e-35 0.61669 0 3.63089e-72 2.57705e-74 -1.29366e-53 -1.99881e-52 
0.00035 2172.11 0.12904 101325 0.0518884 0.0399634 0.0126887 0.0237149 0.0233869 0.227063 8.62404e-06 3.82071e-07 -2.955e-34 -1.43452e-33 5.55601e-34 3.5229e-35 1.44445e-34 -1.41773e-35 4.16049e-29 1.11343e-29 4.00196e-34 2.74469e-34 8.72652e-36 2.65625e-37 -4.80689e-37 -2.551e-52 -8.5062e-51 5.8767e-54 4.59902e-55 -5.10425e-54 -6.08013e-54 -1.20199e-51 -5.49597e-53 -9.72072e-53 7.36478e-08 2.27932e-08 8.49258e-10 3.43936e-10 6.34868e-08 4.4885e-05 3.6556e-09 7.13692e-08 4.98946e-09 2.27563e-35 1.75094e-33 5.83494e-38 4.23455e-37 3.11357e-38 3.3233e-36 1.61938e-34 3.44949e-35 0.62124 0 1.53776e-73 3.25531e-75 -2.01959e-55 -5.93773e-54 
0.00036 2239.74 0.125841 101325 0.0504235 0.0347802 0.0113644 0.0222543 0.0237493 0.23267 7.47086e-06 3.27714e-07 6.16791e-41 3.39767e-41 1.85291e-41 2.36589e-42 2.82795e-41 8.13817e-42 3.10325e-29 2.20027e-29 1.22395e-34 3.92203e-37 4.70764e-41 7.11789e-43 6.52286e-43 -5.5109e-60 -2.38468e-58 -1.44166e-59 -1.0794e-60 2.10602e-59 6.99407e-61 2.19938e-58 1.87349e-59 1.33469e-59 7.99857e-08 2.07349e-08 9.70308e-10 4.29349e-10 5.78353e-08 5.43226e-05 4.57362e-09 7.56627e-08 5.35757e-09 1.43035e-37 1.02554e-35 2.53038e-40 -2.87656e-44 1.11187e-42 2.49388e-38 9.4127e-37 3.00347e-37 0.624696 0 -9.27195e-79 -1.72961e-80 -6.00606e-61 -5.48466e-60 
0.00037 2293.34 0.123444 101325 0.0490168 0.0308638 0.0103027 0.0210714 0.0238581 0.237362 6.67301e-06 2.9541e-07 9.0531e-32 2.4594e-33 1.77402e-32 3.45944e-33 1.43918e-31 9.72714e-35 1.80604e-29 2.13402e-29 -1.26449e-33 3.01377e-33 3.44458e-33 1.18863e-34 1.20041e-34 6.86784e-39 3.13342e-37 -1.12645e-38 -2.58306e-37 -5.57077e-37 -6.02691e-39 -1.09146e-36 2.94405e-37 -1.44824e-39 8.96958e-08 1.93287e-08 1.08479e-09 5.17261e-10 5.31173e-08 6.39044e-05 5.61782e-09 8.05801e-08 5.74326e-09 -4.01848e-35 -2.57467e-34 1.64808e-37 2.37299e-37 -4.66506e-38 -5.07412e-38 1.07175e-35 -5.91734e-35 0.627454 0 7.58438e-57 3.85022e-59 -8.60633e-39 -1.42551e-37 
0.00038 2337.28 0.121563 101325 0.0476949 0.0277836 0.00943045 0.0200816 0.0238192 0.241382 6.09953e-06 2.74929e-07 1.29145e-30 2.14253e-32 8.22554e-33 3.57649e-34 2.01331e-33 2.01538e-34 3.28382e-29 2.03771e-29 8.46844e-33 1.1593e-33 1.52009e-35 1.83002e-36 2.6322e-36 5.2653e-39 1.6712e-37 -2.02829e-37 -2.56378e-37 8.32671e-39 3.61607e-39 8.42098e-38 1.45982e-38 2.95431e-39 1.01051e-07 1.84457e-08 1.20324e-09 6.12192e-10 4.91279e-08 7.39051e-05 6.81553e-09 8.61204e-08 6.17711e-09 1.04382e-33 8.7068e-33 1.30146e-37 3.52965e-36 1.85726e-36 2.56744e-35 6.02269e-34 6.06573e-34 0.629727 0 -2.79414e-58 -9.56819e-60 -2.89832e-39 2.71121e-38 
0.00039 2374.16 0.120039 101325 0.0464638 0.0252916 0.00870079 0.0192349 0.0236914 0.244884 5.67657e-06 2.61573e-07 -2.52813e-31 -2.46376e-32 -2.56884e-32 -6.26908e-33 -2.19698e-31 -1.74718e-31 2.89566e-29 2.54752e-29 -3.92868e-32 -1.00088e-31 -5.72981e-33 -2.17762e-34 -9.9091e-34 2.5303e-40 5.7765e-39 -8.76984e-40 -2.15921e-39 -1.52129e-39 -2.63856e-41 4.94199e-39 3.6686e-39 1.79636e-40 1.13092e-07 1.79805e-08 1.33242e-09 7.17932e-10 4.57163e-08 8.4453e-05 8.18214e-09 9.22257e-08 6.67219e-09 -6.11646e-34 -5.87254e-33 -2.80303e-37 -3.44253e-36 -1.37979e-35 -1.73778e-35 -3.98283e-34 -4.41991e-34 0.631643 0 5.78484e-59 1.7486e-60 -8.19267e-43 -4.66654e-41 
0.0004 2405.67 0.118776 101325 0.0453217 0.0232329 0.00808169 0.0184989 0.0235094 0.24797 5.3588e-06 2.52871e-07 1.52738e-33 -6.68106e-34 5.8888e-34 1.25385e-34 3.07256e-33 1.61228e-33 2.67867e-29 2.4176e-29 9.00215e-34 5.51004e-34 6.00336e-35 8.46573e-37 8.72738e-36 2.30202e-42 8.54734e-41 -2.77605e-41 -2.90046e-41 1.03675e-40 4.98077e-43 -3.35966e-39 1.4699e-41 -9.55453e-43 1.25261e-07 1.78488e-08 1.47648e-09 8.37491e-10 4.27711e-08 9.55934e-05 9.72516e-09 9.88126e-08 7.23312e-09 4.24046e-35 1.80501e-33 2.22285e-38 -1.57777e-38 -1.9823e-36 7.41806e-36 2.87389e-34 6.19135e-35 0.633284 0 -6.76785e-61 -6.71321e-63 -7.0519e-43 -1.85282e-41 
0.00041 2432.92 0.11771 101325 0.0442641 0.0215049 0.00755056 0.0178515 0.0232952 0.250714 5.11665e-06 2.47385e-07 -1.43927e-30 -3.15398e-32 -9.84441e-33 1.4243e-33 1.02015e-31 8.11525e-32 8.60649e-30 2.36361e-29 -7.9842e-33 -3.9425e-33 1.42127e-33 5.09086e-35 1.00817e-34 -8.8201e-43 -3.70299e-41 -2.8271e-41 -1.43203e-41 2.59043e-41 1.00639e-42 -6.85184e-40 5.43367e-40 -6.21142e-45 1.37223e-07 1.79826e-08 1.63766e-09 9.73085e-10 4.02086e-08 0.000107324 1.14462e-08 1.05786e-07 7.86004e-09 -1.86338e-33 -2.02679e-32 -8.0091e-38 -4.01228e-36 -7.45116e-36 -5.81258e-35 -1.53633e-33 -1.23452e-33 0.634707 0 -7.59405e-61 -1.21865e-62 -5.16774e-43 -1.81945e-42 
0.00042 2456.74 0.116799 101325 0.0432858 0.0200361 0.00709085 0.017277 0.0230633 0.253168 4.93001e-06 2.44205e-07 -8.83494e-31 -2.47969e-32 -6.32178e-33 3.00363e-33 9.86216e-32 1.79083e-31 -1.2623e-28 -2.72597e-29 -8.35257e-33 3.32653e-33 1.67226e-33 1.49435e-35 3.65392e-34 -9.57862e-44 -2.31849e-42 3.54731e-42 1.17624e-41 5.89201e-42 1.38805e-43 -3.26059e-40 -2.29782e-41 -1.08009e-43 1.4878e-07 1.83267e-08 1.8168e-09 1.12616e-09 3.79649e-08 0.000119617 1.33422e-08 1.13049e-07 8.55062e-09 -3.17667e-33 -1.07011e-31 -7.92951e-37 -3.72817e-36 -5.43711e-35 -6.5418e-34 -1.40051e-32 -4.85854e-33 0.635953 0 -6.63899e-61 -2.37245e-62 2.03027e-44 -2.15691e-42 
0.00043 2477.71 0.116012 101325 0.0423815 0.0187753 0.0066901 0.0167637 0.0228231 0.255376 4.78474e-06 2.42716e-07 -1.46408e-30 -6.89148e-32 -1.78312e-32 -5.39364e-34 4.39976e-32 6.29047e-33 -1.1785e-28 -7.6063e-29 -1.73187e-32 -2.92753e-32 3.69391e-34 -6.87668e-36 -1.44789e-34 -1.38211e-43 -4.86676e-42 7.10927e-43 1.45384e-42 -3.28927e-42 -3.39514e-44 -1.1481e-40 -4.43998e-42 -9.25183e-44 1.59816e-07 1.88356e-08 2.01369e-09 1.29745e-09 3.59898e-08 0.000132429 1.54065e-08 1.20507e-07 9.30105e-09 -3.80475e-33 -6.34751e-32 -5.98644e-37 -3.63061e-36 5.93197e-36 -2.37675e-34 -9.06399e-33 -2.75063e-33 0.637052 0 3.23479e-62 -9.10164e-64 2.96651e-45 4.35207e-43 
0.00044 2496.29 0.115326 101325 0.0415459 0.0176842 0.00633872 0.0163027 0.0225815 0.257369 4.67067e-06 2.42482e-07 -8.84148e-34 9.68454e-34 -1.42773e-33 9.49773e-37 3.25267e-33 -1.36901e-34 -1.19141e-28 -1.0309e-28 5.06592e-34 1.0022e-33 4.58174e-35 9.28179e-37 8.65631e-36 -2.24144e-44 -6.69391e-43 4.62742e-43 5.33026e-43 -3.20601e-43 -8.62071e-45 -4.41456e-42 2.90258e-43 -1.7527e-44 1.70271e-07 1.94718e-08 2.22735e-09 1.48701e-09 3.42437e-08 0.000145712 1.76295e-08 1.28068e-07 1.01067e-08 7.99312e-35 5.00528e-33 3.12965e-38 -6.98048e-39 -1.93121e-35 3.47489e-35 9.88556e-34 2.67366e-34 0.638027 0 1.20899e-62 3.53399e-64 8.08398e-45 8.47802e-45 
0.00045 2512.83 0.114724 101325 0.0407744 0.0167339 0.00602915 0.015887 0.0223428 0.259173 4.58035e-06 2.43178e-07 -1.83292e-31 -3.57446e-32 -7.42938e-32 -1.19575e-32 -4.73412e-31 -4.91475e-31 -1.15086e-28 -1.10241e-28 -7.8156e-32 -2.29665e-31 -2.0422e-32 -8.16792e-34 -1.96015e-33 -4.14512e-46 -1.38113e-44 1.39158e-45 5.98654e-46 7.6978e-47 -2.52145e-47 -2.0413e-44 -8.55539e-45 -3.20601e-46 1.80121e-07 2.02044e-08 2.45626e-09 1.69429e-09 3.26945e-08 0.000159415 1.99994e-08 1.35652e-07 1.09625e-08 -1.47281e-34 -5.14821e-33 -1.38938e-36 -5.83238e-36 -1.06025e-34 -2.60693e-35 -5.16673e-34 -2.44899e-34 0.638896 0 6.52487e-67 5.94114e-67 2.49967e-47 4.59366e-46 
0.00046 2527.62 0.114192 101325 0.0400624 0.0159016 0.00575534 0.015511 0.0221102 0.260809 4.50822e-06 2.44559e-07 1.2146e-32 -8.55044e-32 -1.93147e-31 6.2898e-33 3.99027e-31 -1.88258e-31 -1.72327e-28 -1.29575e-28 -4.55842e-32 3.34004e-33 -1.1287e-33 2.02094e-34 7.9917e-34 -5.55383e-47 -1.87398e-45 2.30365e-47 1.45244e-46 -6.47302e-47 -9.86001e-49 5.45158e-45 -5.02845e-46 -7.4187e-47 1.89365e-07 2.10076e-08 2.69849e-09 1.91826e-09 3.13158e-08 0.000173489 2.25033e-08 1.43182e-07 1.18632e-08 2.20731e-33 3.78183e-32 8.38774e-37 -2.90278e-36 -8.71142e-34 1.72861e-34 2.16569e-33 2.1458e-33 0.639672 0 2.62599e-66 3.02123e-68 -1.1533e-49 7.38019e-47 
0.00047 2540.86 0.113722 101325 0.0394058 0.0151694 0.00551235 0.0151701 0.021886 0.262295 4.45012e-06 2.46435e-07 -5.96829e-31 -4.22698e-31 -1.277e-30 -3.2457e-32 -1.03422e-30 -3.88378e-31 -1.88972e-28 -1.56149e-28 -2.19493e-31 -6.14424e-31 -2.72006e-32 -1.26594e-33 -2.1802e-33 -6.98739e-48 -2.59434e-46 -4.57324e-49 -6.29781e-47 -9.0521e-47 -1.72013e-48 5.80445e-45 4.39912e-46 -9.93251e-47 1.98017e-07 2.18604e-08 2.95193e-09 2.15746e-09 3.00859e-08 0.000187888 2.51274e-08 1.50595e-07 1.28035e-08 -6.87826e-33 -1.2731e-31 -3.00843e-36 -3.13844e-35 -2.11104e-33 -9.27306e-34 -1.81808e-32 -7.16717e-33 0.640368 0 7.44459e-66 3.07295e-67 1.25173e-49 3.70438e-47 
0.00048 2552.77 0.113304 101325 0.0388008 0.0145229 0.00529612 0.0148604 0.0216716 0.263647 4.40288e-06 2.48656e-07 2.12411e-30 -2.71638e-32 -1.47148e-30 -7.94228e-32 -1.26701e-30 2.76545e-31 -2.37515e-28 -1.95696e-28 -8.22079e-33 -6.68681e-31 -3.63305e-32 -1.63253e-33 -3.56415e-33 1.04526e-47 3.56107e-46 -2.3499e-47 -1.79717e-46 -1.43187e-46 -2.7827e-48 9.9327e-45 6.97448e-46 -1.27693e-46 2.06102e-07 2.27455e-08 3.21432e-09 2.41013e-09 2.89865e-08 0.000202567 2.78576e-08 1.57834e-07 1.37783e-08 9.05122e-33 -8.99492e-32 -4.85256e-36 -3.57459e-36 -2.02041e-33 -1.55674e-33 -2.74413e-32 -4.58366e-33 0.640994 0 1.17986e-65 5.29519e-67 -3.05002e-49 3.355e-47 
0.00049 2563.48 0.11293 101325 0.0382439 0.0139501 0.00510325 0.0145786 0.0214678 0.264877 4.36412e-06 2.51103e-07 2.23034e-31 2.4028e-31 -8.622e-31 -8.37214e-32 -1.16548e-30 3.53407e-31 -2.44563e-28 -2.28551e-28 6.1016e-33 -2.3175e-31 -3.4144e-32 -1.71268e-33 -4.16628e-33 1.03449e-47 3.69221e-46 -1.86731e-47 -2.06718e-46 -1.53696e-46 -2.96867e-48 8.37302e-45 -5.77973e-46 -1.06865e-46 2.13652e-07 2.36486e-08 3.48343e-09 2.67427e-09 2.80019e-08 0.000217489 3.068e-08 1.64854e-07 1.47825e-08 7.04406e-33 6.27402e-32 -4.6184e-36 -1.30076e-35 -2.58557e-33 -7.88625e-34 -1.29462e-32 4.36562e-33 0.641556 0 1.14044e-65 5.29681e-67 -6.74218e-50 5.71089e-48 
0.0005 2573.14 0.112597 101325 0.0377315 0.0134413 0.00493088 0.0143221 0.0212752 0.265998 4.33198e-06 2.53683e-07 -6.68345e-31 1.0874e-31 2.39399e-31 2.78054e-32 -4.52903e-31 3.60232e-31 -2.47281e-28 -2.4994e-28 7.3378e-32 1.0615e-30 -8.42778e-33 -8.39641e-34 -4.35118e-33 -1.03121e-47 -3.39933e-46 1.17981e-48 -2.16157e-46 -2.16557e-46 -4.03882e-48 -1.58598e-44 -8.47829e-45 -1.12951e-46 2.20701e-07 2.45585e-08 3.75707e-09 2.94779e-09 2.71189e-08 0.000232618 3.35813e-08 1.71618e-07 1.58118e-08 -5.76763e-33 1.63895e-31 -4.60873e-36 1.25472e-36 -4.28238e-33 2.42451e-33 -3.15029e-32 1.044e-32 0.642064 0 -3.43351e-66 -2.37167e-67 4.37247e-49 -4.93109e-47 
0.00051 2581.85 0.112298 101325 0.0372607 0.0129883 0.00477656 0.0140882 0.0210939 0.267018 4.30506e-06 2.56324e-07 6.44692e-31 3.19601e-32 6.11116e-32 9.27696e-33 4.2591e-31 2.07977e-31 -2.31863e-28 -2.58409e-28 1.53423e-32 9.43992e-32 3.21354e-33 1.31679e-34 2.70719e-34 -2.94326e-48 -9.97329e-47 -3.59419e-48 -3.89466e-48 -1.81108e-48 -4.86308e-50 -1.88518e-45 -1.3584e-45 8.00173e-49 2.27286e-07 2.54663e-08 4.03322e-09 3.22852e-09 2.6326e-08 0.000247922 3.65489e-08 1.78097e-07 1.68617e-08 2.04041e-33 1.09126e-32 4.79509e-37 3.15611e-36 -2.14797e-34 1.85678e-35 -1.08217e-32 6.90506e-34 0.642521 0 -1.09215e-66 -7.19346e-68 -3.10047e-49 -3.04868e-48 
0.00052 2589.73 0.11203 101325 0.0368284 0.0125841 0.00463819 0.013875 0.020924 0.267948 4.28226e-06 2.58969e-07 -5.47784e-30 -1.83765e-31 -1.21759e-31 -1.13912e-33 2.89692e-31 5.29395e-33 -3.05568e-28 -2.60438e-28 -3.95321e-32 -3.66413e-32 -1.18271e-32 -4.43926e-34 -3.57182e-34 -8.70709e-50 -3.056e-48 -4.70237e-50 -8.99755e-49 -2.32405e-49 -2.3163e-51 5.4872e-47 -4.17344e-48 -8.07642e-49 2.33442e-07 2.63648e-08 4.30999e-09 3.51436e-09 2.56133e-08 0.000263375 3.95712e-08 1.8427e-07 1.79284e-08 -1.28194e-32 -2.18822e-31 -4.24771e-38 -2.14822e-35 -7.83213e-34 -1.54344e-33 -3.13775e-32 -1.34386e-32 0.642934 0 1.86348e-67 8.38596e-69 1.57427e-50 -1.93591e-49 
0.00053 2596.84 0.111789 101325 0.0364319 0.012223 0.00451397 0.0136804 0.0207652 0.268795 4.26276e-06 2.61574e-07 2.44355e-30 1.29317e-31 1.76461e-31 2.30862e-32 7.76166e-31 -1.67242e-31 -3.87937e-28 -3.39857e-28 6.2881e-32 2.04856e-31 -1.26337e-32 1.46537e-34 -5.47227e-36 5.88315e-52 1.219e-49 -1.02423e-49 -1.2735e-49 2.9301e-50 3.65687e-51 -6.28396e-47 3.07269e-48 6.70949e-49 2.39206e-07 2.72487e-08 4.58573e-09 3.80326e-09 2.4972e-08 0.000278952 4.26376e-08 1.90124e-07 1.90085e-08 6.3868e-33 -1.41505e-31 -7.19194e-37 2.10399e-36 -1.70031e-35 -2.00073e-33 -3.82457e-32 -4.06007e-33 0.643307 0 -9.35319e-68 -4.83362e-69 -3.97839e-51 -1.62268e-49 
0.00054 2603.28 0.111572 101325 0.0360684 0.0118997 0.00440232 0.0135029 0.0206173 0.269566 4.24589e-06 2.64107e-07 -2.11317e-31 1.46665e-31 2.62889e-31 3.00324e-32 1.17048e-30 -1.47751e-30 -3.16915e-28 -3.60276e-28 9.21965e-32 6.14216e-31 -5.78433e-34 -1.50449e-35 1.05642e-34 -2.04745e-49 -7.4806e-48 8.95065e-50 3.75393e-49 8.94507e-50 9.95162e-52 1.34848e-47 -5.44702e-48 -6.24243e-49 2.44613e-07 2.81142e-08 4.85898e-09 4.09334e-09 2.43946e-08 0.000294632 4.57387e-08 1.95651e-07 2.00988e-08 2.53584e-32 2.81988e-31 2.07184e-36 7.62609e-36 1.31844e-33 2.75114e-33 2.83753e-32 2.30607e-32 0.643643 0 1.86949e-68 1.13351e-69 -8.43871e-52 -5.52954e-51 
0.00055 2609.11 0.111377 101325 0.0357357 0.0116099 0.00430186 0.0133408 0.0204799 0.270269 4.23116e-06 2.66543e-07 -7.35182e-30 -4.05594e-31 -2.58251e-31 -3.15833e-32 -9.37778e-31 5.66764e-31 -4.28903e-28 -4.03694e-28 -1.43089e-31 -2.83063e-31 2.03914e-33 4.41638e-34 -8.88777e-34 -3.71807e-49 -1.47207e-47 -3.34258e-50 -1.74231e-49 -2.15893e-49 -6.95523e-51 8.56808e-47 1.04203e-47 -1.52568e-48 2.49694e-07 2.89583e-08 5.12851e-09 4.38287e-09 2.38742e-08 0.000310397 4.8866e-08 2.00849e-07 2.11967e-08 -7.06621e-32 -7.26605e-31 -5.97324e-36 -2.5969e-35 1.10997e-33 -4.32271e-34 -1.53652e-31 -5.64686e-32 0.643948 0 1.18056e-67 6.45389e-69 -1.01257e-51 -4.32877e-51 
0.00056 2614.38 0.111201 101325 0.0354313 0.0113499 0.00421139 0.0131928 0.0203524 0.270908 4.21818e-06 2.68867e-07 -1.7874e-29 -4.77777e-31 7.67962e-31 7.45452e-32 8.83943e-31 9.10227e-31 -2.85642e-28 -3.86055e-28 3.00643e-32 2.72372e-30 6.50175e-32 2.14793e-33 6.23575e-33 -3.21203e-48 -1.25579e-46 1.26128e-49 7.17601e-49 -1.32118e-49 4.61503e-51 7.13402e-47 -2.91979e-47 -7.09207e-48 2.5448e-07 2.97792e-08 5.39329e-09 4.67032e-09 2.3405e-08 0.000326232 5.20122e-08 2.05719e-07 2.22998e-08 4.05737e-32 7.75116e-30 1.47505e-35 2.853e-36 3.26438e-32 1.0994e-31 1.91838e-30 3.53047e-31 0.644223 0 1.62715e-67 9.28195e-69 -1.89114e-51 -4.04156e-49 
0.00057 2619.16 0.111043 101325 0.0351531 0.0111164 0.00412984 0.0130576 0.0202344 0.27149 4.20663e-06 2.71067e-07 -3.29464e-30 1.43616e-30 8.66267e-30 6.97917e-31 1.91641e-29 6.81228e-30 -4.56826e-28 -4.25082e-28 7.80933e-31 1.56088e-29 4.68885e-31 2.0753e-32 6.51547e-32 -1.47585e-47 -5.75503e-46 1.21731e-49 2.19272e-48 -2.3222e-49 -4.85444e-50 -1.06653e-45 -2.5793e-46 -7.62498e-48 2.58999e-07 3.05758e-08 5.6525e-09 4.95436e-09 2.29818e-08 0.000342123 5.5171e-08 2.10269e-07 2.34061e-08 1.77439e-31 5.87234e-30 5.01764e-35 1.55298e-34 1.10812e-31 5.12949e-32 7.60545e-31 3.44019e-31 0.644471 0 -9.33077e-67 -5.21664e-68 -1.06453e-50 -3.27769e-48 
0.00058 2623.48 0.1109 101325 0.034899 0.0109065 0.00405628 0.0129342 0.0201253 0.27202 4.19627e-06 2.73137e-07 -3.29126e-30 -3.65557e-31 5.80993e-30 3.7575e-31 7.78432e-30 1.48512e-31 -3.90012e-28 -4.07775e-28 -6.24613e-31 8.72329e-30 1.77004e-31 1.04805e-32 3.12327e-32 2.62176e-48 2.68318e-47 1.65042e-49 1.50235e-48 -5.63947e-49 -5.32978e-50 -8.12303e-46 -3.58794e-47 1.65585e-47 2.63278e-07 3.13475e-08 5.90551e-09 5.23386e-09 2.25997e-08 0.000358058 5.83369e-08 2.14505e-07 2.45138e-08 -1.82876e-31 -8.9363e-30 -2.07141e-35 4.32215e-35 -2.0418e-31 -1.49959e-31 -3.49334e-30 -4.26772e-31 0.644695 0 -8.37945e-67 -4.78911e-68 3.56112e-50 -6.95427e-49 
0.00059 2627.39 0.110771 101325 0.0346671 0.0107175 0.00398988 0.0128214 0.0200247 0.272502 4.18692e-06 2.75075e-07 -1.23734e-30 4.67552e-31 5.23628e-30 9.67985e-32 -3.41193e-29 -2.14797e-29 -3.50434e-28 -4.2204e-28 -2.20846e-30 1.33755e-30 -5.33796e-31 -2.83066e-32 -1.06208e-31 6.08144e-47 2.46464e-45 2.93176e-48 1.56626e-47 5.42373e-48 1.75783e-49 5.71897e-46 5.42472e-46 2.33871e-46 2.67339e-07 3.20944e-08 6.15185e-09 5.5079e-09 2.22547e-08 0.000374027 6.15053e-08 2.18441e-07 2.56215e-08 3.85481e-31 1.55065e-29 -5.04485e-35 -5.20848e-35 -5.11239e-31 -3.78706e-31 2.58471e-30 9.44607e-31 0.644898 0 -1.14047e-66 -6.20278e-68 3.68413e-50 5.14363e-48 
0.0006 2630.94 0.110654 101325 0.0344556 0.0105474 0.0039299 0.0127183 0.0199319 0.272941 4.17842e-06 2.7688e-07 -1.69647e-29 -9.96668e-30 1.11741e-29 3.55142e-31 -2.1614e-29 -1.62553e-29 -2.8706e-28 -4.44387e-28 -8.2168e-30 1.10182e-29 -3.98343e-31 -9.97485e-33 -2.25177e-32 3.76605e-47 1.24373e-45 1.20304e-48 1.09706e-47 -1.77439e-49 -7.37401e-50 -9.09888e-46 7.1645e-46 2.09305e-46 2.71206e-07 3.28167e-08 6.39121e-09 5.77574e-09 2.1943e-08 0.000390022 6.46723e-08 2.22087e-07 2.6728e-08 -4.78492e-31 2.17114e-30 1.32436e-35 -3.56659e-34 2.8099e-32 -1.56067e-31 -2.2248e-30 -5.01905e-32 0.645081 0 -2.18086e-66 -1.2898e-67 1.53039e-49 3.05424e-48 
0.00061 2634.15 0.110549 101325 0.034263 0.0103941 0.00387568 0.0126241 0.0198464 0.273339 4.17066e-06 2.78555e-07 3.24676e-33 -8.02308e-32 -4.99737e-32 -1.69359e-33 4.25001e-32 -9.54039e-33 -3.43507e-28 -4.34406e-28 3.02376e-32 1.37753e-31 2.43507e-33 4.07517e-35 8.4048e-35 5.28901e-50 1.74644e-48 1.12254e-49 2.26115e-50 -1.74593e-50 -1.803e-51 -3.7632e-47 5.47129e-48 -5.81988e-49 2.74896e-07 3.35151e-08 6.6234e-09 6.03681e-09 2.16613e-08 0.000406035 6.78348e-08 2.25458e-07 2.78323e-08 1.28358e-32 9.50789e-31 2.80098e-36 3.65847e-36 -1.02588e-32 9.27689e-33 2.59404e-31 4.54315e-32 0.645246 0 -1.04736e-69 1.05517e-70 7.47141e-52 -8.78849e-52 
0.00062 2637.05 0.110454 101325 0.0340876 0.0102559 0.00382665 0.012538 0.0197678 0.273702 4.16353e-06 2.80104e-07 4.74257e-34 -8.55569e-35 -3.54259e-34 -2.52908e-35 -1.45666e-34 1.18202e-34 -3.52662e-28 -4.30179e-28 -4.17852e-34 2.08675e-34 -6.3744e-36 -3.01819e-37 -7.37428e-37 -6.32162e-52 -1.913e-50 -7.27785e-53 -3.64732e-52 -1.0806e-52 -2.7981e-54 -6.05014e-50 6.71945e-50 -3.89269e-51 2.78429e-07 3.41904e-08 6.84835e-09 6.29071e-09 2.14066e-08 0.000422061 7.09901e-08 2.28568e-07 2.89335e-08 -2.30574e-32 -1.18321e-30 -1.19715e-35 -9.37116e-39 -5.01674e-34 -6.67362e-32 -1.40336e-30 -1.61052e-31 0.645395 0 3.42285e-72 5.08247e-73 -1.70404e-54 -6.80032e-53 
0.00063 2639.69 0.110368 101325 0.0339279 0.0101312 0.00378226 0.0124593 0.0196956 0.274031 4.15695e-06 2.81531e-07 3.15402e-35 9.90517e-36 2.55457e-35 1.78822e-36 2.9887e-35 -1.06773e-35 -3.5532e-28 -4.34119e-28 -3.94365e-34 -5.0446e-36 8.70002e-37 3.80422e-38 1.24597e-37 1.2134e-52 4.3919e-51 8.19705e-54 3.93497e-53 9.75616e-55 -1.95452e-57 1.97044e-50 -1.38101e-50 6.71332e-52 2.81819e-07 3.48435e-08 7.06607e-09 6.53718e-09 2.11763e-08 0.000438093 7.41361e-08 2.31434e-07 3.00312e-08 1.36632e-31 9.5542e-30 2.44222e-35 1.21223e-39 2.52378e-36 9.97479e-32 1.28039e-30 3.33593e-31 0.64553 0 -1.83666e-73 -1.00859e-74 9.88988e-56 2.77504e-53 
0.00064 2642.07 0.110291 101325 0.0337828 0.0100186 0.00374208 0.0123872 0.0196292 0.27433 4.15085e-06 2.82842e-07 -1.86794e-35 -1.17275e-36 -1.9805e-36 -1.87555e-37 -7.66415e-36 -3.01516e-36 -3.51043e-28 -4.32386e-28 -3.90003e-34 -5.88308e-36 -1.43729e-37 -6.88769e-39 -2.19128e-38 -4.2553e-54 -1.36574e-52 7.59632e-55 1.21764e-56 1.18727e-54 3.27757e-56 -8.70956e-51 -5.73257e-51 -1.06448e-52 2.85082e-07 3.54756e-08 7.27668e-09 6.77606e-09 2.0968e-08 0.000454127 7.72711e-08 2.34069e-07 3.11247e-08 -3.16399e-32 -2.12985e-30 -6.39381e-36 -1.75671e-40 -3.10881e-36 -2.34976e-32 -1.07138e-30 -1.16106e-31 0.645651 0 -4.73903e-74 -4.79224e-75 7.95236e-58 1.04873e-53 
0.00065 2644.23 0.11022 101325 0.0336509 0.00991699 0.00370566 0.0123213 0.0195682 0.274602 4.14519e-06 2.84044e-07 -5.97627e-36 -6.67382e-37 5.0145e-37 7.91994e-38 4.09977e-36 4.38829e-37 -3.50634e-28 -4.34159e-28 -3.86035e-34 -4.13154e-36 9.27168e-38 4.27849e-39 1.33307e-38 4.32075e-54 1.97621e-52 9.34364e-55 3.03585e-54 6.65973e-55 1.22114e-56 -4.77153e-51 -9.76992e-52 8.65528e-54 2.8823e-07 3.60877e-08 7.48032e-09 7.00734e-09 2.07794e-08 0.000470159 8.03938e-08 2.36488e-07 3.22137e-08 -1.96493e-32 -1.57236e-30 -3.8591e-36 1.45798e-40 4.17087e-36 -9.1419e-33 2.28863e-31 -2.13724e-32 0.64576 0 -8.89161e-74 -5.47595e-75 4.6588e-56 4.43004e-54 
0.00066 2646.18 0.110157 101325 0.0335311 0.00982516 0.00367265 0.0122609 0.0195122 0.274849 4.1399e-06 2.85142e-07 -2.40207e-35 -3.66352e-36 -2.36141e-36 -1.34212e-37 9.80163e-38 -1.66362e-38 -3.63041e-28 -4.38063e-28 -3.98122e-34 -9.19709e-36 -2.14371e-38 -6.1357e-41 3.03651e-39 3.73147e-55 2.191e-53 3.00173e-55 1.82876e-54 4.08729e-55 4.57205e-57 -3.20933e-51 -2.43075e-52 2.81233e-53 2.91275e-07 3.66809e-08 7.67721e-09 7.23105e-09 2.06087e-08 0.000486186 8.35032e-08 2.38707e-07 3.32979e-08 -6.27314e-32 -4.47126e-30 -3.61995e-36 -4.68156e-40 -1.06687e-35 -6.95859e-32 -1.70689e-30 -2.35798e-31 0.645858 0 -7.99502e-74 -4.84788e-75 3.9247e-57 8.25258e-55 
0.00067 2647.95 0.1101 101325 0.0334224 0.00974216 0.0036427 0.0122057 0.0194608 0.275073 4.13496e-06 2.86143e-07 -8.4721e-36 -1.26249e-36 -6.9237e-37 -4.11936e-38 3.63611e-37 -1.80573e-38 -3.63851e-28 -4.45748e-28 -3.95788e-34 -6.7659e-36 -5.35287e-39 2.67629e-40 2.99593e-39 -2.92981e-55 -8.72617e-54 5.15063e-56 7.72974e-55 1.88612e-55 1.86045e-57 -1.21654e-51 3.58515e-53 3.73507e-53 2.94227e-07 3.72564e-08 7.86758e-09 7.44732e-09 2.04542e-08 0.000502206 8.65985e-08 2.40739e-07 3.43771e-08 -2.36835e-32 -1.61219e-30 -7.84666e-36 -2.24388e-40 -1.93971e-36 -2.53734e-32 -4.02721e-31 -1.05101e-31 0.645946 0 -4.85401e-74 -2.96142e-75 -8.38068e-57 -4.40139e-55 
0.00068 2649.55 0.110048 101325 0.0333238 0.00966712 0.00361552 0.012155 0.0194136 0.275276 4.13033e-06 2.87055e-07 -3.83389e-35 -5.88621e-36 -5.22282e-36 -3.53064e-37 -5.99114e-36 -1.43591e-36 -3.72155e-28 -4.5178e-28 -4.04281e-34 -1.33358e-35 -1.55439e-37 -6.21664e-39 -1.48876e-38 -3.92701e-55 -1.71913e-53 2.13798e-57 3.10423e-55 1.11139e-55 1.71915e-57 -9.90835e-53 1.3412e-52 3.34459e-53 2.97094e-07 3.78153e-08 8.05172e-09 7.65633e-09 2.03143e-08 0.000518215 8.96793e-08 2.42599e-07 3.54513e-08 -1.09439e-31 -7.82785e-30 -1.81859e-35 -6.05468e-40 -1.13401e-35 -8.91114e-32 -1.64061e-30 -3.21998e-31 0.646026 0 -2.52567e-74 -1.55883e-75 -4.80224e-57 -4.55471e-55 
0.00069 2651 0.110002 101325 0.0332344 0.00959924 0.00359083 0.0121085 0.0193703 0.275461 4.12597e-06 2.87882e-07 -1.93021e-35 -3.63491e-36 -3.89577e-36 -2.7539e-37 -5.4655e-36 -1.35204e-36 -3.81602e-28 -4.61873e-28 -4.11263e-34 -1.14349e-35 -1.32278e-37 -5.58538e-39 -1.43482e-38 -1.66253e-55 -9.79926e-54 3.38986e-57 1.30737e-55 8.59949e-56 2.39557e-57 4.94274e-52 1.58965e-52 2.30163e-53 2.99887e-07 3.83587e-08 8.2299e-09 7.85831e-09 2.01875e-08 0.000534211 9.27453e-08 2.44299e-07 3.65203e-08 -5.49936e-32 -4.11338e-30 -7.30363e-36 -4.54704e-40 -9.51113e-36 -6.31188e-32 -1.38116e-30 -1.95754e-31 0.646097 0 -7.95207e-75 -4.98252e-76 -2.13602e-57 -1.55567e-55 
0.0007 2652.31 0.10996 101325 0.0331535 0.00953783 0.00356839 0.0120658 0.0193305 0.275628 4.12187e-06 2.88632e-07 1.25581e-35 1.91964e-36 1.78714e-36 1.29843e-37 2.8319e-36 7.82496e-37 -3.78491e-28 -4.69435e-28 -4.03964e-34 -2.06259e-36 6.83308e-38 2.82431e-39 7.40306e-39 -2.85226e-55 -1.07512e-53 -1.76652e-56 -5.00312e-56 6.11949e-58 7.29125e-60 6.85844e-53 -3.6712e-53 -3.81143e-54 3.02611e-07 3.88876e-08 8.40243e-09 8.05353e-09 2.00726e-08 0.000550194 9.57962e-08 2.45851e-07 3.75842e-08 3.47205e-32 2.48388e-30 6.00315e-36 2.13619e-40 2.00381e-36 2.06768e-32 2.97496e-31 8.72839e-32 0.646161 0 3.61565e-75 2.0536e-76 -8.99741e-58 9.05036e-56 
0.00071 2653.5 0.109922 101325 0.0330801 0.00948225 0.00354799 0.0120266 0.019294 0.27578 4.11799e-06 2.8931e-07 3.03016e-37 -2.64482e-37 -3.53481e-37 -3.57613e-38 -1.23157e-36 -4.57942e-37 -3.72491e-28 -4.70663e-28 -3.96546e-34 -5.36213e-36 -2.76414e-38 -1.15263e-39 -3.11425e-39 7.87509e-55 3.11788e-53 3.90697e-56 6.26523e-56 -2.34639e-56 -5.24227e-58 -3.48296e-52 -8.8396e-53 -6.48667e-54 3.05273e-07 3.94031e-08 8.56961e-09 8.24226e-09 1.99685e-08 0.00056616 9.8832e-08 2.47268e-07 3.8643e-08 5.68373e-34 -1.01381e-31 3.80435e-36 -1.13901e-43 -1.39792e-36 -1.1633e-32 8.02159e-32 -2.22539e-32 0.646218 0 1.77359e-75 1.15798e-76 -7.8244e-58 -1.06514e-55 
0.00072 2654.57 0.109887 101325 0.0330138 0.00943192 0.00352942 0.0119906 0.0192604 0.275918 4.11432e-06 2.89922e-07 -2.39782e-36 -9.13165e-37 -1.83664e-36 -1.38676e-37 -3.23121e-36 -7.08984e-37 -3.7462e-28 -4.71193e-28 -3.98026e-34 -8.54128e-36 -7.14447e-38 -3.31888e-39 -9.41856e-39 -2.54672e-55 -1.77157e-53 5.78113e-56 2.3824e-55 1.44885e-55 3.98124e-57 1.22269e-51 2.60728e-52 3.25976e-53 3.0788e-07 3.99061e-08 8.73175e-09 8.42482e-09 1.98741e-08 0.000582109 1.01853e-07 2.4856e-07 3.96967e-08 -1.17185e-32 -1.06401e-30 -8.91812e-36 -6.76463e-42 4.41838e-36 -1.06604e-33 9.36961e-32 3.78572e-32 0.646269 0 -1.60259e-75 -1.00837e-76 -4.01619e-57 2.7727e-56 
0.00073 2655.54 0.109856 101325 0.0329539 0.00938635 0.00351251 0.0119574 0.0192295 0.276043 4.11083e-06 2.90473e-07 3.0012e-35 5.05275e-36 5.05737e-36 3.40359e-37 6.55581e-36 1.34654e-36 -3.70492e-28 -4.72165e-28 -3.90495e-34 3.39818e-36 1.54937e-37 6.73993e-39 1.83505e-38 3.55476e-55 1.52147e-53 -7.09041e-56 -3.96699e-55 -1.26344e-55 -3.92962e-57 -9.76736e-52 -2.63542e-52 -3.99076e-53 3.10436e-07 4.03975e-08 8.88914e-09 8.60152e-09 1.97885e-08 0.00059804 1.04859e-07 2.49738e-07 4.07455e-08 9.17275e-32 7.00634e-30 3.98619e-36 5.21958e-40 -8.45693e-37 3.58943e-32 2.54291e-31 7.43065e-32 0.646314 0 8.4598e-75 6.10602e-76 3.20956e-57 6.25132e-56 
0.00074 2656.41 0.109828 101325 0.0328997 0.00934506 0.0034971 0.0119268 0.0192012 0.276156 4.10752e-06 2.90968e-07 2.21153e-37 -1.5818e-38 -1.1318e-37 -1.46961e-38 -1.03509e-36 -4.71293e-37 -3.62793e-28 -4.68658e-28 -3.82729e-34 -4.90557e-36 -1.84136e-38 -9.10161e-40 -2.84552e-39 8.29082e-55 3.80888e-53 2.28033e-56 1.58274e-56 -3.359e-56 -7.10046e-59 -5.92289e-52 -1.84026e-54 -9.41341e-54 3.12947e-07 4.08782e-08 9.04209e-09 8.77266e-09 1.97108e-08 0.000613952 1.0785e-07 2.50811e-07 4.17894e-08 1.75237e-33 1.58145e-31 -9.75086e-37 1.86082e-41 6.1614e-36 -1.07368e-32 7.46362e-31 1.10445e-32 0.646355 0 -2.13201e-75 -1.44862e-76 7.53189e-57 -3.06484e-56 
0.00075 2657.2 0.109803 101325 0.0328508 0.00930765 0.00348305 0.0118986 0.019175 0.276259 4.10436e-06 2.91412e-07 9.7266e-36 2.80303e-36 3.81719e-36 2.85443e-37 8.12193e-36 2.60602e-36 -3.65735e-28 -4.65902e-28 -3.83462e-34 1.18881e-36 1.67628e-37 7.81233e-39 2.24926e-38 -2.30381e-54 -1.07714e-52 -2.67105e-56 -3.29898e-56 1.7984e-56 -2.72448e-57 1.25295e-51 1.05208e-52 1.47798e-53 3.15415e-07 4.13489e-08 9.19088e-09 8.93858e-09 1.96404e-08 0.000629843 1.10827e-07 2.51788e-07 4.28286e-08 3.28722e-32 2.80558e-30 2.50695e-36 3.05651e-40 -3.9095e-36 9.4116e-32 -4.27235e-31 1.24206e-31 0.646391 0 2.68076e-75 1.41491e-76 -6.63039e-57 6.43347e-56 
0.00076 2657.92 0.10978 101325 0.0328066 0.00927374 0.00347022 0.0118726 0.019151 0.276352 4.10134e-06 2.91809e-07 5.375e-36 -7.39762e-37 -2.26278e-36 -1.87307e-37 -7.31699e-36 -2.94671e-36 -3.60377e-28 -4.65222e-28 -3.7923e-34 -7.83459e-36 -1.34137e-37 -6.71566e-39 -2.05459e-38 3.64652e-54 1.7375e-52 -3.11916e-56 -4.09158e-55 -1.03898e-55 1.02147e-57 -3.4088e-51 -5.71964e-52 -9.35352e-53 3.17846e-07 4.18103e-08 9.33577e-09 9.09958e-09 1.95764e-08 0.000645714 1.13789e-07 2.52676e-07 4.38632e-08 9.02082e-33 1.66438e-31 8.60823e-36 -2.08418e-41 5.44718e-36 -1.54884e-31 2.47252e-31 -9.39274e-32 0.646423 0 7.77757e-75 4.4483e-76 1.22998e-56 1.36528e-55 
0.00077 2658.56 0.10976 101325 0.0327669 0.009243 0.0034585 0.0118485 0.0191288 0.276436 4.09845e-06 2.92163e-07 -1.94592e-36 1.14523e-36 2.73111e-36 2.20557e-37 8.1142e-36 3.23873e-36 -3.6287e-28 -4.62611e-28 -3.7702e-34 -9.37718e-37 1.50943e-37 7.48736e-39 2.28819e-38 -3.5018e-54 -1.67698e-52 1.78027e-56 4.34621e-55 4.77934e-56 -2.51584e-57 3.71032e-51 6.66975e-52 1.26443e-52 3.20242e-07 4.22633e-08 9.47704e-09 9.25596e-09 1.95184e-08 0.000661563 1.16738e-07 2.53485e-07 4.48933e-08 2.15499e-33 6.89364e-31 -3.45648e-36 9.53255e-41 -3.51649e-36 1.87754e-31 7.26235e-32 8.46969e-32 0.646451 0 -1.58196e-74 -9.19143e-76 -1.99828e-56 -2.71454e-55 
0.00078 2659.15 0.109741 101325 0.032731 0.00921511 0.00344779 0.0118262 0.0191083 0.276513 4.09568e-06 2.92477e-07 1.2358e-35 1.15579e-36 7.48572e-38 -2.30476e-38 -3.32072e-36 -1.76676e-36 -3.61029e-28 -4.62854e-28 -3.77753e-34 -4.61387e-36 -4.93322e-38 -2.81742e-39 -9.58554e-39 2.33389e-54 1.05756e-52 -1.88178e-56 -2.62014e-55 -5.87677e-57 1.81711e-57 -2.25816e-51 -4.87499e-52 -8.14726e-53 3.22607e-07 4.27083e-08 9.61492e-09 9.40803e-09 1.94656e-08 0.000677389 1.19673e-07 2.5422e-07 4.59191e-08 3.02995e-32 1.86914e-30 6.31118e-36 1.27856e-40 7.22911e-36 -9.04711e-32 1.05838e-30 1.01523e-31 0.646476 0 1.08177e-74 6.3236e-76 9.38948e-57 1.85556e-55 
0.00079 2659.67 0.109725 101325 0.0326988 0.00918981 0.00343798 0.0118055 0.0190894 0.276582 4.09302e-06 2.92756e-07 -5.99982e-36 3.90236e-37 3.10128e-36 2.85406e-37 1.35684e-35 5.8798e-36 -3.59683e-28 -4.61103e-28 -3.72385e-34 3.7789e-37 2.38648e-37 1.2193e-38 3.91597e-38 -3.83814e-54 -1.85134e-52 -3.37042e-56 1.48116e-55 -1.36058e-55 -7.8711e-57 4.64969e-51 1.09973e-51 1.93274e-52 3.24942e-07 4.31461e-08 9.74967e-09 9.55606e-09 1.94177e-08 0.000693194 1.22595e-07 2.54889e-07 4.69407e-08 -8.21205e-33 -6.51578e-32 -4.20009e-36 7.30115e-41 -5.68942e-36 2.83536e-31 -6.91331e-32 -7.5089e-33 0.646498 0 -2.45245e-74 -1.52201e-75 -1.96404e-56 -5.53114e-55 
0.0008 2660.15 0.10971 101325 0.0326698 0.00916685 0.00342899 0.0117862 0.019072 0.276645 4.09046e-06 2.93002e-07 1.10536e-35 1.00294e-36 1.89682e-36 9.07533e-38 1.26323e-36 -1.81707e-38 -3.58933e-28 -4.60428e-28 -3.74391e-34 -3.12151e-36 1.28452e-38 1.29349e-39 6.66154e-39 -4.78939e-54 -2.60263e-52 -4.06107e-56 3.80473e-55 5.3551e-56 -1.17931e-57 4.55697e-51 1.69085e-52 1.67956e-52 3.27251e-07 4.35771e-08 9.88149e-09 9.70033e-09 1.93742e-08 0.000708975 1.25504e-07 2.55497e-07 4.79582e-08 2.81587e-32 1.80404e-30 9.57252e-36 1.14862e-40 5.90205e-36 2.24273e-31 6.77929e-31 1.64698e-31 0.646517 0 -1.82977e-74 -1.07852e-75 -2.98538e-56 -8.7427e-57 
0.00081 2660.57 0.109696 101325 0.0326438 0.00914601 0.00342075 0.0117683 0.0190558 0.276701 4.08799e-06 2.93218e-07 -6.66189e-32 -2.37236e-33 -1.94282e-33 -1.21652e-34 -1.65413e-33 -3.0627e-34 -3.56463e-28 -4.59066e-28 -9.21101e-34 -1.09416e-33 -1.87375e-35 -8.66361e-37 4.15122e-37 1.78503e-50 6.82675e-49 3.42087e-52 1.06256e-51 7.61575e-52 4.45057e-53 1.04271e-49 3.73667e-50 2.17193e-50 3.29536e-07 4.40018e-08 1.00106e-08 9.84109e-09 1.93346e-08 0.000724732 1.28401e-07 2.56049e-07 4.89718e-08 -2.29461e-32 -1.32116e-30 -9.01293e-36 -6.74299e-38 -1.11522e-36 -3.37216e-31 -4.85547e-31 -1.21649e-31 0.646534 0 3.90273e-72 1.00826e-73 1.30897e-53 5.99331e-52 
0.00082 2660.96 0.109684 101325 0.0326205 0.00912709 0.00341318 0.0117516 0.0190407 0.276753 4.0856e-06 2.93407e-07 7.46626e-31 2.56843e-32 1.99648e-32 1.20791e-33 1.38363e-32 2.04044e-33 -3.62409e-28 -4.60502e-28 5.26779e-33 2.05685e-32 1.99579e-34 3.77089e-36 9.5159e-36 7.57831e-50 2.9025e-48 1.59034e-51 5.0619e-51 3.85086e-51 2.67064e-52 4.35483e-49 1.47242e-49 8.77883e-50 3.31798e-07 4.44208e-08 1.01372e-08 9.97859e-09 1.92987e-08 0.000740466 1.31285e-07 2.56551e-07 4.99816e-08 9.69038e-33 6.71546e-31 1.15272e-36 5.46565e-37 1.64971e-34 7.09844e-32 2.97173e-31 4.36228e-32 0.646548 0 1.94988e-70 4.81163e-72 4.56698e-53 2.10735e-51 
0.00083 2661.3 0.109673 101325 0.0325997 0.0091099 0.00340622 0.011736 0.0190268 0.276799 4.08328e-06 2.93571e-07 -3.0994e-32 -2.95579e-33 -4.62956e-33 -3.38842e-34 -6.88417e-33 -1.4088e-33 -3.48461e-28 -4.587e-28 -1.31543e-33 -8.4034e-33 -1.44163e-34 -6.08519e-36 -7.5846e-37 3.4962e-49 1.33706e-47 5.07792e-51 1.57373e-50 1.21232e-50 7.75139e-52 1.90775e-48 6.32461e-49 3.76957e-49 3.3404e-07 4.48344e-08 1.02614e-08 1.01131e-08 1.92659e-08 0.000756176 1.34158e-07 2.57007e-07 5.09878e-08 -6.43709e-33 -3.45092e-31 -8.54833e-37 2.5931e-37 -9.42545e-35 -1.0304e-32 -1.62222e-31 -2.12478e-32 0.646561 0 8.14999e-70 2.02729e-71 1.86424e-52 8.61887e-51 
0.00084 2661.61 0.109664 101325 0.032581 0.00909427 0.0033998 0.0117213 0.0190138 0.276841 4.08103e-06 2.93713e-07 1.8387e-31 7.84683e-33 8.17145e-33 5.67399e-34 1.10434e-32 2.5091e-33 -3.52584e-28 -4.53235e-28 1.71531e-33 1.027e-32 3.10294e-34 1.00616e-35 3.20893e-35 -2.66079e-49 -1.03318e-47 -5.32085e-51 -1.68114e-50 -1.10145e-50 -6.62738e-52 -1.61121e-48 -5.87601e-49 -3.44376e-49 3.36262e-07 4.5243e-08 1.03835e-08 1.02447e-08 1.92361e-08 0.000771861 1.37019e-07 2.57422e-07 5.19904e-08 3.19517e-33 1.68541e-31 3.88715e-37 1.07412e-37 2.39853e-34 3.16897e-33 8.1272e-32 9.93584e-33 0.646571 0 1.30124e-69 2.9501e-71 -1.8488e-52 -8.89467e-51 
0.00085 2661.89 0.109655 101325 0.0325644 0.00908007 0.00339389 0.0117076 0.0190017 0.27688 4.07885e-06 2.93835e-07 -2.39496e-31 -8.47532e-33 -7.36041e-33 -5.06789e-34 -1.0867e-32 -2.90746e-33 -3.50406e-28 -4.51536e-28 -5.98371e-35 1.42027e-33 -1.35201e-34 -6.41823e-36 -2.76053e-35 2.06268e-49 8.15179e-48 6.25757e-51 1.95818e-50 8.91955e-51 4.69248e-52 1.59422e-48 7.56835e-49 3.68876e-49 3.38466e-07 4.5647e-08 1.05036e-08 1.03738e-08 1.9209e-08 0.000787522 1.39869e-07 2.57799e-07 5.29896e-08 3.3316e-33 2.53945e-32 9.38874e-38 -2.64184e-38 -1.23425e-34 1.01549e-32 -1.13608e-32 2.56726e-33 0.64658 0 -4.54755e-69 -1.10987e-70 2.03993e-52 1.07105e-50 
0.00086 2662.14 0.109647 101325 0.0325496 0.00906715 0.00338844 0.0116947 0.0189904 0.276914 4.07672e-06 2.93938e-07 -4.14609e-32 -2.07761e-34 1.20522e-33 1.40365e-34 6.12072e-33 2.25782e-33 -3.51956e-28 -4.5101e-28 1.57569e-33 3.28223e-33 1.64882e-34 6.66598e-36 2.44621e-35 -1.73265e-49 -6.14055e-48 -4.5855e-51 -1.28635e-50 -3.83657e-51 -2.48591e-52 -1.34587e-48 -7.13236e-49 -2.59477e-49 3.40654e-07 4.60468e-08 1.06218e-08 1.05004e-08 1.91842e-08 0.000803157 1.42708e-07 2.58141e-07 5.39855e-08 2.04541e-33 9.50066e-33 4.96742e-38 4.38233e-37 2.61542e-34 -6.55273e-33 3.29034e-33 9.04733e-34 0.646587 0 1.24048e-69 6.92585e-71 -1.76779e-52 -9.93913e-51 
0.00087 2662.37 0.10964 101325 0.0325364 0.0090554 0.00338339 0.0116826 0.0189798 0.276945 4.07465e-06 2.94024e-07 9.56922e-33 6.69341e-34 8.28978e-34 3.81295e-35 -4.36494e-34 -5.55312e-34 -3.50558e-28 -4.51232e-28 -1.90149e-35 3.55588e-34 -3.56082e-36 2.19779e-38 -1.03362e-36 -6.32381e-52 -1.51496e-49 -7.22359e-52 -4.03773e-51 -4.13191e-51 -2.41083e-52 1.44963e-49 2.41242e-49 1.23715e-51 3.42826e-07 4.64425e-08 1.07383e-08 1.06248e-08 1.91617e-08 0.000818768 1.45537e-07 2.58452e-07 5.49783e-08 1.69269e-33 7.4405e-32 1.65269e-37 1.34855e-37 -2.88115e-35 7.39425e-34 3.14343e-32 4.2037e-33 0.646593 0 1.05301e-69 3.04573e-71 1.43504e-53 1.03783e-51 
0.00088 2662.57 0.109634 101325 0.0325248 0.00904471 0.00337871 0.0116711 0.0189699 0.276973 4.07262e-06 2.94095e-07 1.42697e-31 4.99905e-33 3.80654e-33 2.35369e-34 3.03012e-33 6.66291e-34 -3.47807e-28 -4.50571e-28 2.66345e-33 1.08376e-32 1.13232e-34 3.88221e-36 1.47573e-35 5.40537e-50 2.2943e-48 1.91627e-51 6.99791e-51 3.00404e-51 1.42892e-52 2.94699e-49 3.38562e-50 8.91875e-50 3.44983e-07 4.68346e-08 1.08533e-08 1.07471e-08 1.91411e-08 0.000834353 1.48356e-07 2.58735e-07 5.59679e-08 -1.07329e-33 -5.89057e-32 -1.95345e-37 -2.87496e-37 -1.02488e-34 -1.0096e-34 -2.33497e-32 -3.43085e-33 0.646598 0 -2.43166e-69 -7.26891e-71 2.76504e-53 1.04791e-51 
0.00089 2662.75 0.109629 101325 0.0325145 0.00903496 0.00337437 0.0116602 0.0189606 0.276999 4.07064e-06 2.94152e-07 -6.23599e-31 -2.27271e-32 -1.92981e-32 -1.2279e-33 -1.7466e-32 -3.33592e-33 -3.58805e-28 -4.49874e-28 -8.62942e-33 -3.01736e-32 -3.96295e-34 -1.71417e-35 -4.82738e-35 -3.34282e-51 -2.98384e-49 -6.2144e-52 -2.2692e-51 -2.15419e-52 -1.84457e-53 -3.54984e-50 -8.47008e-51 -3.7692e-50 3.47127e-07 4.72233e-08 1.09667e-08 1.08675e-08 1.91223e-08 0.000849913 1.51164e-07 2.58993e-07 5.69545e-08 -4.36649e-33 -6.0099e-32 -2.00487e-37 -1.54871e-36 -9.30501e-35 -8.24311e-34 -5.22547e-33 -3.80234e-33 0.646601 0 6.93343e-70 2.75413e-71 -5.05661e-54 -6.9271e-52 
0.0009 2662.91 0.109624 101325 0.0325055 0.00902609 0.00337033 0.0116499 0.0189518 0.277022 4.0687e-06 2.94196e-07 -4.47296e-32 -6.87147e-35 2.40641e-33 2.10292e-34 6.02107e-33 1.5406e-33 -3.68217e-28 -4.57363e-28 1.47551e-33 8.34446e-33 1.82385e-34 8.41947e-36 2.37812e-35 -1.61656e-49 -6.16631e-48 -2.96548e-51 -9.54748e-51 -7.21785e-51 -4.41555e-52 -8.93517e-49 -2.98127e-49 -1.71419e-49 3.49259e-07 4.76087e-08 1.10787e-08 1.09861e-08 1.91052e-08 0.000865446 1.53963e-07 2.59227e-07 5.79383e-08 4.86996e-33 4.20508e-32 1.65475e-37 6.01236e-37 2.97736e-34 3.73369e-34 -5.90879e-33 3.21048e-33 0.646604 0 3.5126e-70 9.36121e-72 -1.04003e-52 -4.52127e-51 
0.00091 2663.05 0.109619 101325 0.0324975 0.00901799 0.00336657 0.0116402 0.0189435 0.277043 4.06679e-06 2.94229e-07 2.30425e-31 7.43952e-33 5.05983e-33 2.74012e-34 4.47329e-34 -5.09734e-34 -3.57886e-28 -4.61745e-28 1.88257e-33 7.70039e-33 -6.45691e-35 -9.19606e-38 -1.12338e-36 3.61486e-51 4.29021e-49 1.9167e-51 7.5901e-51 4.96768e-51 2.58372e-52 -3.22426e-50 -4.86281e-50 2.25216e-50 3.51378e-07 4.79911e-08 1.11895e-08 1.1103e-08 1.90895e-08 0.000880955 1.56753e-07 2.5944e-07 5.89192e-08 5.58164e-33 1.97532e-31 4.73181e-37 1.43078e-37 4.22795e-34 2.19532e-33 6.47135e-32 1.15024e-32 0.646605 0 -1.45418e-69 -4.07963e-71 3.97705e-53 2.01603e-51 
0.00092 2663.18 0.109616 101325 0.0324906 0.00901061 0.00336306 0.0116308 0.0189357 0.277061 4.06492e-06 2.94252e-07 -1.90568e-31 -7.28011e-33 -6.47068e-33 -3.72639e-34 -1.82199e-33 6.07368e-34 -3.53336e-28 -4.58e-28 -3.50737e-33 -1.15835e-32 -1.1546e-35 -3.1191e-36 -6.32164e-36 -1.59212e-51 -2.1387e-49 -1.23278e-51 -4.25594e-51 -7.01561e-52 9.87271e-55 -1.13599e-49 -8.83073e-50 -4.73033e-50 3.53485e-07 4.83708e-08 1.12991e-08 1.12184e-08 1.90751e-08 0.000896437 1.59533e-07 2.59634e-07 5.98974e-08 -4.30294e-33 8.18152e-32 1.61492e-37 -5.51276e-37 1.36604e-34 1.14336e-33 2.99108e-32 1.88078e-33 0.646606 0 1.21573e-69 3.48671e-71 -2.33282e-53 -1.44572e-51 
0.00093 2663.29 0.109612 101325 0.0324846 0.00900387 0.00335978 0.0116219 0.0189283 0.277078 4.06308e-06 2.94265e-07 -4.90941e-32 -3.95618e-34 2.13103e-33 1.82908e-34 4.71067e-33 7.78253e-34 -3.57403e-28 -4.58061e-28 4.45953e-35 8.15081e-33 1.23567e-34 4.65895e-36 1.72938e-35 -1.7384e-49 -6.82996e-48 -1.76502e-51 -5.40147e-51 -4.93142e-51 -2.97036e-52 -9.62335e-49 -3.16754e-49 -1.97643e-49 3.55582e-07 4.87478e-08 1.14076e-08 1.13324e-08 1.9062e-08 0.000911893 1.62304e-07 2.59811e-07 6.08729e-08 6.011e-33 1.38888e-31 3.71674e-37 2.49393e-37 6.31445e-34 1.44697e-33 3.11083e-32 8.88842e-33 0.646606 0 -1.94396e-70 -1.53789e-71 -6.13717e-53 -2.41853e-51 
0.00094 2663.39 0.109609 101325 0.0324795 0.00899771 0.00335671 0.0116134 0.0189213 0.277093 4.06127e-06 2.9427e-07 3.19921e-32 1.40196e-33 1.85297e-33 1.04341e-34 -5.99463e-34 -5.85814e-34 -3.57835e-28 -4.59189e-28 7.33235e-34 7.85997e-34 -8.37183e-36 2.44329e-36 -9.51134e-36 3.04032e-51 7.82502e-50 3.12868e-52 1.83738e-51 4.12442e-52 1.25127e-53 1.6705e-49 1.41839e-49 4.67974e-50 3.57668e-07 4.91223e-08 1.15151e-08 1.14451e-08 1.90499e-08 0.000927323 1.65067e-07 2.59973e-07 6.18458e-08 3.40783e-33 -3.72283e-32 -5.98613e-38 -4.94197e-38 -1.04392e-35 -5.45521e-34 -3.32304e-33 -4.93387e-36 0.646605 0 -8.47451e-70 -2.61939e-71 -2.70718e-54 2.32992e-52 
0.00095 2663.48 0.109607 101325 0.0324751 0.00899208 0.00335382 0.0116052 0.0189146 0.277107 4.05948e-06 2.94267e-07 9.40996e-32 2.7627e-33 6.38475e-34 1.7425e-35 -2.61552e-34 2.22353e-34 -3.58167e-28 -4.59716e-28 3.69385e-34 -3.96486e-34 -1.1577e-35 7.20572e-37 3.61637e-36 7.28206e-50 3.19232e-48 2.982e-52 4.78129e-52 2.34246e-51 1.58687e-52 2.72762e-49 -8.82047e-51 6.54859e-50 3.59745e-07 4.94945e-08 1.16216e-08 1.15566e-08 1.90389e-08 0.000942726 1.67821e-07 2.6012e-07 6.28162e-08 -3.15909e-33 -1.32912e-32 -8.6509e-38 3.44157e-38 -1.36681e-35 8.93242e-35 -4.39416e-33 -2.43955e-33 0.646604 0 9.61675e-70 3.73743e-71 1.82924e-53 2.9111e-52 
0.00096 2663.56 0.109605 101325 0.0324714 0.00898693 0.0033511 0.0115973 0.0189082 0.27712 4.05772e-06 2.94257e-07 1.6362e-31 5.46879e-33 4.30149e-33 2.72625e-34 4.57756e-33 9.07088e-34 -3.53456e-28 -4.5968e-28 2.91224e-34 -6.63479e-34 1.26532e-34 3.16937e-36 9.26561e-36 -3.56612e-50 -2.13147e-48 -9.88372e-52 -4.15505e-51 -2.74371e-51 -1.35043e-52 -1.64502e-49 -4.74855e-50 -1.09698e-49 3.61812e-07 4.98645e-08 1.17272e-08 1.16669e-08 1.90287e-08 0.000958103 1.70566e-07 2.60255e-07 6.37842e-08 -1.51918e-33 4.07158e-32 7.48905e-38 3.26412e-37 8.64135e-35 5.183e-34 1.61454e-32 1.45032e-33 0.646602 0 8.38615e-70 1.07194e-71 -1.39271e-53 -7.82745e-52 
0.00097 2663.63 0.109603 101325 0.0324683 0.00898222 0.00334853 0.0115897 0.0189021 0.277131 4.05598e-06 2.94241e-07 -1.8662e-31 -6.94396e-33 -5.99361e-33 -3.83681e-34 -5.92045e-33 -1.22379e-33 -3.54094e-28 -4.57076e-28 -1.47613e-33 -4.50105e-33 -1.172e-34 -2.35917e-36 -9.36395e-36 4.63779e-50 2.0326e-48 1.15804e-51 4.77886e-51 2.23474e-51 1.08308e-52 2.63073e-49 8.40227e-50 1.13872e-49 3.6387e-07 5.02325e-08 1.1832e-08 1.17762e-08 1.90194e-08 0.000973453 1.73303e-07 2.60378e-07 6.47497e-08 -3.32894e-33 -9.2367e-32 -2.65085e-37 -4.6247e-38 -1.24717e-34 -1.04097e-33 -2.33689e-32 -5.54376e-33 0.6466 0 -1.26595e-69 -4.02167e-71 1.68925e-53 1.06263e-51 
0.00098 2663.69 0.109601 101325 0.0324658 0.00897789 0.00334611 0.0115824 0.0188962 0.277141 4.05426e-06 2.94219e-07 1.91986e-31 7.31036e-33 6.69233e-33 4.31913e-34 6.67236e-33 1.38467e-33 -3.58259e-28 -4.57761e-28 4.78201e-34 5.83536e-33 8.44744e-35 5.54306e-36 1.80474e-35 -7.21559e-50 -2.85227e-48 -1.62722e-51 -5.73226e-51 -2.76542e-51 -1.51493e-52 -4.28743e-49 -1.41546e-49 -1.26586e-49 3.65919e-07 5.05985e-08 1.19361e-08 1.18845e-08 1.90108e-08 0.000988776 1.76033e-07 2.60491e-07 6.57129e-08 3.63612e-33 1.53625e-32 8.52409e-38 4.32088e-37 1.67985e-34 1.06485e-34 -5.6643e-33 1.70451e-33 0.646597 0 7.80475e-70 3.18521e-71 -3.96876e-53 -2.22091e-51 
0.00099 2663.74 0.1096 101325 0.0324638 0.00897392 0.00334381 0.0115753 0.0188906 0.27715 4.05256e-06 2.94192e-07 3.31796e-32 7.5029e-34 -2.61007e-34 -3.49428e-35 -1.72236e-33 -5.23316e-34 -3.49307e-28 -4.57146e-28 -8.56257e-35 -3.83191e-33 -4.48063e-36 -2.90434e-36 -1.72824e-35 5.40569e-50 2.16831e-48 1.49453e-51 4.66275e-51 2.77238e-51 1.6306e-52 3.31959e-49 1.11315e-49 7.66088e-50 3.67959e-07 5.09627e-08 1.20394e-08 1.19919e-08 1.90029e-08 0.00100407 1.78754e-07 2.60595e-07 6.66738e-08 -1.06467e-33 6.49475e-32 1.37711e-37 -6.06906e-37 1.43093e-34 8.0372e-34 2.95249e-32 2.83818e-33 0.646594 0 7.01463e-71 -3.22886e-72 4.26404e-53 2.28416e-51 
0.001 2663.78 0.109599 101325 0.0324622 0.00897028 0.00334162 0.0115684 0.0188852 0.277158 4.05088e-06 2.9416e-07 -2.34403e-31 -7.62129e-33 -5.55856e-33 -3.03293e-34 -8.9456e-34 5.4096e-34 -3.45382e-28 -4.5244e-28 -1.05272e-33 3.44798e-33 6.11918e-35 -8.59693e-38 1.31985e-35 5.37528e-51 1.40872e-49 -3.93052e-52 -1.16205e-51 -4.75684e-52 -2.02892e-53 -1.31574e-50 -2.31537e-50 -4.40087e-51 3.69992e-07 5.13251e-08 1.2142e-08 1.20985e-08 1.89955e-08 0.00101934 1.81468e-07 2.6069e-07 6.76324e-08 -3.20297e-33 -6.40319e-32 -1.81842e-37 2.68236e-38 -2.74383e-34 -6.26839e-34 -2.14296e-32 -4.37601e-33 0.64659 0 -1.14965e-70 -7.87824e-72 -7.82139e-54 -6.82662e-52 
